7044 32
7045 32
7046 30
7047 30
7048 30
7049 30
7050 00
7051 30
7052 30
7053 34
7054 34
7055 34
7056 34
7057 34
7058 34
7059 34
7060 36
7061 36
7062 36
7063 36
7064 36
7065 36
7066 36
7067 38
7069 38
7070 38
7071 38
7072 38
7073 38
7074 44
7075 44
7076 44
7078 44
7079 44
7080 44
7081 42
7082 42
7083 42
7084 42
7085 42
7086 42
7087 42
7088 42
7090 42
7091 42
7093 40
7094 40
7095 40
7096 40
7097 40
7098 40
7099 56
7100 56
7101 56
7102 56
7103 56
7104 56
7105 56
7106 58
7107 58
7108 58
7109 58
7110 58
7111 58
7112 58
7113 54
7114 54
7115 54
7116 54
7117 54
7118 54
7119 54