2594 02
2595 02
2596 02
2597 02
2598 02
2599 02
2600 02
2601 08
2602 08
2603 08
2604 08
2605 08
2606 08
2607 08
2609 10
2610 10
2611 10
2612 10
2613 10
2614 10
2615 06
2616 06
2617 06
2618 06
2619 06
2620 06
2621 06
2622 06
2623 04
2624 04
2627 04
2628 04
2629 04
2630 02
2631 08
2632 12
2633 12
2634 12
2635 12
2636 12
2637 12
2638 12
2639 18
2640 18
2641 18
2642 18
2643 18
2644 18
2645 18
2646 16
2647 16
2648 16
2649 16
2650 16
2651 16
2652 16
2653 52
2654 52
2655 52
2656 52
2657 52
2659 52
2660 14  
2661 14
2662 14
2663 14 
2664 14
2665 14
2666 14
2667 50
2668 50
2669 50
2670 50
2671 50
2672 50
2673 50
